/home/rozenberszki/project/wsnsl/Datasets/Scannet/scene0494_00 
 [-0.42954212 -1.1976576  -0.18126302] [6.68421478 4.83736584 1.71557947]
[[-0.42954212219646926, 6.684214781804356], [-1.197657603521781, 4.837365843174985], [-0.18126302414558482, 1.7155794718692146]]

/home/rozenberszki/project/wsnsl/Datasets/Scannet/scene0389_00 
 [-6.83628902 -0.62158527 -0.30248222] [7.00371089 5.78719544 8.86582337]
[[-6.836289015465985, 7.003710885630739], [-0.6215852690223032, 5.78719544335179], [-0.30248221841479017, 8.865823374180238]]

/home/rozenberszki/project/wsnsl/Datasets/Scannet/scene0354_00 
 [-0.76767506 -3.10173804 -6.37616655] [ 6.6248867  12.21555039  2.22551191]
[[-0.7676750599960958, 6.624886698974093], [-3.1017380409592854, 12.215550387109344], [-6.376166552614103, 2.225511913242739]]

/home/rozenberszki/project/wsnsl/Datasets/Scannet/scene0050_02 
 [-3.1038792  -2.07592848 -5.66838436] [8.51556896 9.44041633 2.83269681]
[[-3.103879202294793, 8.515568962540879], [-2.075928479598391, 9.440416334376268], [-5.668384356904806, 2.8326968093681115]]

/home/rozenberszki/project/wsnsl/Datasets/Scannet/scene0300_01 
 [-4.59896427 -5.71416288 -1.8909007 ] [13.58024123  7.88278209  3.3331548 ]
[[-4.598964273696326, 13.580241226666791], [-5.714162875851255, 7.882782090684601], [-1.8909007027691844, 3.333154803938237]]

/home/rozenberszki/project/wsnsl/Datasets/Scannet/scene0693_00 
 [-3.42450802 -0.69279546 -0.47960763] [5.7915996  5.14338497 1.72102386]
[[-3.424508016677205, 5.791599599383032], [-0.6927954593774346, 5.143384973240208], [-0.4796076272868053, 1.7210238644389042]]

/home/rozenberszki/project/wsnsl/Datasets/Scannet/scene0427_00 
 [-0.52143312 -0.57605371  0.20521706] [4.52721586 4.40522834 1.36313497]
[[-0.5214331239823449, 4.527215864201953], [-0.5760537104577677, 4.405228336532577], [0.20521706203409074, 1.3631349670874848]]

/home/rozenberszki/project/wsnsl/Datasets/Scannet/scene0221_01 
 [ 0.04373919 -1.47060729 -0.23321503] [9.25709314 6.9393723  2.59388512]
[[0.04373918915866293, 9.257093142312964], [-1.4706072942890396, 6.939372295479114], [-0.23321502943544425, 2.593885121745877]]

/home/rozenberszki/project/wsnsl/Datasets/Scannet/scene0616_00 
 [-2.54639395 -0.98649771 -5.39594008] [8.01562127 6.23911945 2.88350067]
[[-2.546393952303119, 8.015621269632698], [-0.9864977118275804, 6.239119446285686], [-5.395940075547731, 2.883500665485661]]

/home/rozenberszki/project/wsnsl/Datasets/Scannet/scene0645_02 
 [-0.6199903  -0.25515223 -0.46477202] [ 9.95856152 12.58269537  2.93538702]
[[-0.6199903016433663, 9.958561519141984], [-0.2551522293531119, 12.582695368996394], [-0.4647720241906017, 2.935387017704466]]

/home/rozenberszki/project/wsnsl/Datasets/Scannet/scene0144_01 
 [-3.35398901 -0.22525509 -2.97226849] [ 6.94566249 11.95282009  2.27053066]
[[-3.3539890072379914, 6.945662490334749], [-0.22525509012807343, 11.952820091915097], [-2.9722684932105667, 2.2705306587884606]]

