-1.101925653095542218e-01
-2.638692763987721679e-01
-9.582434990769768124e-01
-2.235586422231815362e+00
9.939102567890621964e-01
-2.925458538549653015e-02
-1.062382731571963473e-01
-4.639382427970721312e-01
1.180699993719285590e-16
-9.641147100872962117e-01
2.654860180749429310e-01
1.868053417016146134e-01
0.000000000000000000e+00
0.000000000000000000e+00
0.000000000000000000e+00
1.000000000000000000e+00
-1.254238459492895696e-01
-2.525348405500619231e-01
-9.594243134169800902e-01
-2.231717535826530874e+00
9.921032501041859852e-01
-3.192600259565021859e-02
-1.212925038531798699e-01
-4.612140499891561607e-01
1.184308099310090461e-16
-9.670609518880479705e-01
2.545449181055922661e-01
1.905215378165265039e-01
0.000000000000000000e+00
0.000000000000000000e+00
0.000000000000000000e+00
1.000000000000000000e+00
-1.399012232330918704e-01
-2.415959115796765533e-01
-9.602390656736840002e-01
-2.227516894426726513e+00
9.901654648279167859e-01
-3.413526805238015910e-02
-1.356728997888213273e-01
-4.583082254109763776e-01
1.187633521835559114e-16
-9.697763654487446816e-01
2.439954938457321865e-01
1.939047016011815061e-01
0.000000000000000000e+00
0.000000000000000000e+00
0.000000000000000000e+00
1.000000000000000000e+00
-1.537185930757538344e-01
-2.310137969712555417e-01
-9.607305656383241521e-01
-2.222999799525573472e+00
9.881146664951445668e-01
-3.593825398571150881e-02
-1.494585151727652050e-01
-4.552302627162241877e-01
1.190707568611705455e-16
-9.722865151329529443e-01
2.337924987903118867e-01
1.969716687420942913e-01
0.000000000000000000e+00
0.000000000000000000e+00
0.000000000000000000e+00
1.000000000000000000e+00
-1.669570607795030082e-01
-2.207528488442200565e-01
-9.609336707510202080e-01
-2.218181552616245611e+00
9.859641676328149140e-01
-3.738091911617876656e-02
-1.627185515857376141e-01
-4.519896555585916631e-01
1.193556908770350123e-16
-9.746131779394278105e-01
2.238954072481375013e-01
1.997392749257798361e-01
0.000000000000000000e+00
0.000000000000000000e+00
0.000000000000000000e+00
1.000000000000000000e+00
-1.796870029125395285e-01
-2.107804142671002579e-01
-9.608767860374703984e-01
-2.213077455191914122e+00
9.837238336973995745e-01
-3.850115206618962699e-02
-1.755137610139647641e-01
-4.485958975917703762e-01
1.196204300522982296e-16
-9.767749373581233741e-01
2.142678738146114592e-01
2.022243558387527285e-01
0.000000000000000000e+00
0.000000000000000000e+00
0.000000000000000000e+00
1.000000000000000000e+00
-1.919697513653724208e-01
-2.010667065724751068e-01
-9.605830490222151408e-01
-2.207702808745752865e+00
9.814008429590413973e-01
-3.933023488363066034e-02
-1.878976265504206933e-01
-4.450584824694517883e-01
1.198669192858393174e-16
-9.787876746935959549e-01
2.048772507329775783e-01
2.044437471675278062e-01
0.000000000000000000e+00
0.000000000000000000e+00
0.000000000000000000e+00
1.000000000000000000e+00
-2.038589746558107096e-01
-1.915846357686916690e-01
-9.600712712031639340e-01
-2.202072914770931700e+00
9.790002647866247187e-01
-3.989401107682510883e-02
-1.999173564949292548e-01
-4.413869038453278049e-01
1.200968223934589106e-16
-9.806649760328854937e-01
1.956941613396273039e-01
2.064142845986197961e-01
0.000000000000000000e+00
0.000000000000000000e+00
0.000000000000000000e+00
1.000000000000000000e+00
-2.154018156844407506e-01
-1.823096219943473040e-01
-9.593566904588326505e-01
-2.196203074760626706e+00
9.765255028927029013e-01
-4.021382286279231999e-02
-2.116147221979457482e-01
-4.375906553730902759e-01
1.203115634697457161e-16
-9.824184699907867468e-01
1.866921257604664819e-01
2.081528038185435359e-01
0.000000000000000000e+00
0.000000000000000000e+00
0.000000000000000000e+00
1.000000000000000000e+00
-2.266398327269059376e-01
-1.732194067796579695e-01
-9.584515758954249565e-01
-2.190108590208008632e+00
9.739786374564486371e-01
-4.030726739563718353e-02
-2.230267651506798454e-01
-4.336792307064307739e-01
1.205123613001782626e-16
-9.840581087059849796e-01
1.778472341364914500e-01
2.096761405138137802e-01
0.000000000000000000e+00
0.000000000000000000e+00
0.000000000000000000e+00
1.000000000000000000e+00
-2.376097807459472966e-01
-1.642938709312650181e-01
-9.573657169902647368e-01
-2.183804762606249117e+00
9.713606910380215842e-01
-4.018881040796892790e-02
-2.341863946178972256e-01
-4.296621234990408711e-01
1.207002580753647701e-16
-9.855924023106170662e-01
1.691378624305830691e-01
2.110011303709453112e-01
0.000000000000000000e+00
0.000000000000000000e+00
0.000000000000000000e+00
1.000000000000000000e+00
-2.483442625172044282e-01
-1.555148640210294031e-01
-9.561068216173894685e-01
-2.177306893448521574e+00
9.686718367304718580e-01
-3.987028707897897345e-02
-2.451228935319056390e-01
-4.255488274046123620e-01
1.208761434304485529e-16
-9.870286152269146518e-01
1.605444260111183741e-01
2.121446090764528003e-01
0.000000000000000000e+00
0.000000000000000000e+00
0.000000000000000000e+00
1.000000000000000000e+00
-2.588722731164524449e-01
-1.468660480042093541e-01
-9.546808420383987581e-01
-2.170630284227998086e+00
9.659115623138181395e-01
-3.936131336848754103e-02
-2.558623473635518453e-01
-4.213488360768369856e-01
1.210407746449335084e-16
-9.883729311112952054e-01
1.520491665431514261e-01
2.131234123168511407e-01
0.000000000000000000e+00
0.000000000000000000e+00
0.000000000000000000e+00
1.000000000000000000e+00
-2.692196566444350903e-01
-1.383327559404513574e-01
-9.530922437572199035e-01
-2.163790236437850734e+00
9.630788007615226354e-01
-3.866962602387139653e-02
-2.664280081878056539e-01
-4.170716431694062587e-01
1.211947936852646717e-16
-9.896305920175939574e-01
1.436359681378816533e-01
2.139543757786549760e-01
0.000000000000000000e+00
0.000000000000000000e+00
0.000000000000000000e+00
1.000000000000000000e+00
-2.794094903839431931e-01
-1.299018658288011163e-01
-9.513442289400726448e-01
-2.156802051571253376e+00
9.601720349413355171e-01
-3.780136559941173202e-02
-2.768406040945483038e-01
-4.127267423360120868e-01
1.213387416485161066e-16
-9.908060163387260033e-01
1.352901991534650461e-01
2.146543351483791995e-01
0.000000000000000000e+00
0.000000000000000000e+00
0.000000000000000000e+00
1.000000000000000000e+00
-2.894624086724703615e-01
-1.215616889891615038e-01
-9.494389236468210314e-01
-2.149681031121377650e+00
9.571893824972839138e-01
-3.676131384292296439e-02
-2.871186023910856644e-01
-4.083236272303462089e-01
1.214730710652535771e-16
-9.919028992671835576e-01
1.269985764697994790e-01
2.152401261125384824e-01
0.000000000000000000e+00
0.000000000000000000e+00
0.000000000000000000e+00
1.000000000000000000e+00
-2.993968764632667923e-01
-1.133018720912073174e-01
-9.473775362254833743e-01
-2.142442476581395638e+00
9.541286655184612053e-01
-3.555309449078864620e-02
-2.972784336410727035e-01
-4.038717915060999197e-01
1.215981564385978138e-16
-9.929242988530176950e-01
1.187490494582724848e-01
2.157285843576476625e-01
0.000000000000000000e+00
0.000000000000000000e+00
0.000000000000000000e+00
1.000000000000000000e+00
-3.092294207072174839e-01
-1.051133117578468834e-01
-9.451604927526205957e-01
-2.135101689444480311e+00
9.509874685657423443e-01
-3.417934471052284928e-02
-3.073346824328171412e-01
-3.993807288169655134e-01
1.217143033310132677e-16
-9.938727102031009730e-01
1.105307012261437516e-01
2.161365455702215221e-01
0.000000000000000000e+00
0.000000000000000000e+00
0.000000000000000000e+00
1.000000000000000000e+00
-3.189748262168359827e-01
-9.698808059461552777e-02
-9.427875542573266321e-01
-2.127673971203804193e+00
9.477631878480717864e-01
-3.264186301961652381e-02
-3.173002498244671954e-01
-3.948599328166342293e-01
1.218217562573530265e-16
-9.947501299327289326e-01
1.023336650316944568e-01
2.164808454367747326e-01
0.000000000000000000e+00
0.000000000000000000e+00
0.000000000000000000e+00
1.000000000000000000e+00
-3.286463014936457094e-01
-8.891936347987057510e-02
-9.402579195693500091e-01
-2.120174623352539811e+00
9.444530737493249672e-01
-3.094173839978926754e-02
-3.271864916377985599e-01
-3.903188971587980283e-01
1.219207055997341048e-16
-9.955581126298623795e-01
9.414905404127187072e-02
2.167783196438221038e-01
0.000000000000000000e+00
0.000000000000000000e+00
0.000000000000000000e+00
1.000000000000000000e+00
-3.382556190507365890e-01
-8.090140296779557705e-02
-9.375703169247868729e-01
-2.112618947383859247e+00
9.410542684567149152e-01
-2.907946444770137875e-02
-3.370033361360565416e-01
-3.857671154971485383e-01
1.220112937249083298e-16
-9.962978208072510444e-01
8.596890283540188638e-02
2.170458038778785570e-01
0.000000000000000000e+00
0.000000000000000000e+00
0.000000000000000000e+00
1.000000000000000000e+00
-3.478132339961066410e-01
-7.292945269050042645e-02
-9.347230869019089727e-01
-2.105022244790935027e+00
9.375638400968595576e-01
-2.705504170385704399e-02
-3.467593840997428289e-01
-3.812140814853772208e-01
1.220936204563197381e-16
-9.969700695851739791e-01
7.778611927158587958e-02
2.173001338254585968e-01
0.000000000000000000e+00
0.000000000000000000e+00
0.000000000000000000e+00
1.000000000000000000e+00
-3.573283840226577635e-01
-6.499973768641417737e-02
-9.317142588113875856e-01
-2.097399817066939676e+00
9.339788145197706060e-01
-2.486807074026114658e-02
-3.564619938870079996e-01
-3.766692887771760367e-01
1.221677480297023559e-16
-9.975753671569655978e-01
6.959444547983181795e-02
2.175581451730771720e-01
0.000000000000000000e+00
0.000000000000000000e+00
0.000000000000000000e+00
1.000000000000000000e+00
-3.668091734484956734e-01
-5.710942062328117075e-02
-9.285416223035478644e-01
-2.089766965705045720e+00
9.302962056646428834e-01
-2.251783813305117954e-02
-3.661173537156935387e-01
-3.721422310262368360e-01
1.222337056418189973e-16
-9.981139519322865805e-01
6.138842690697609433e-02
2.178366736072490095e-01
0.000000000000000000e+00
0.000000000000000000e+00
0.000000000000000000e+00
1.000000000000000000e+00
-3.762626435436997596e-01
-4.925657292166885776e-02
-9.252027956602374426e-01
-2.082138992198425242e+00
9.265130452797233351e-01
-2.000339707447357576e-02
-3.757305431183020072e-01
-3.676424018862508025e-01
1.222914936859215568e-16
-9.985858271222826099e-01
5.316338844079390724e-02
2.181525548144887805e-01
0.000000000000000000e+00
0.000000000000000000e+00
0.000000000000000000e+00
1.000000000000000000e+00
-3.856948310489579090e-01
-4.144014981715321566e-02
-9.216952919947284384e-01
-2.074531198040251212e+00
9.226264126406287236e-01
-1.732364407022012054e-02
-3.853055852878498611e-01
-3.631792950109099527e-01
1.223410877540298599e-16
-9.989907934206702089e-01
4.491541673790611089e-02
2.185226244813114338e-01
0.000000000000000000e+00
0.000000000000000000e+00
0.000000000000000000e+00
1.000000000000000000e+00
-3.951108165231055902e-01
-3.365996842571036124e-02
-9.180165843774419354e-01
-2.066958884723696599e+00
9.186334648087042254e-01
-1.447739290838235930e-02
-3.948454918422287241e-01
-3.587624040539061920e-01
1.223824424746090649e-16
-9.993284803407519457e-01
3.664134795341866119e-02
2.189637182942316684e-01
0.000000000000000000e+00
0.000000000000000000e+00
0.000000000000000000e+00
1.000000000000000000e+00
-4.045147639391912797e-01
-2.591668789767574005e-02
-9.141641707284501317e-01
-2.059437353741933041e+00
9.145314678868192715e-01
-1.146344686338482063e-02
-4.043523013793664522e-01
-3.544012226689309264e-01
1.224154952442097637e-16
-9.995983766865694786e-01
2.833876012769753414e-02
2.194926719397642390e-01
0.000000000000000000e+00
0.000000000000000000e+00
0.000000000000000000e+00
1.000000000000000000e+00
-4.139099527730010775e-01
-1.821179076196323757e-02
-9.101356391619297437e-01
-2.051981906588132620e+00
9.103178296592087104e-01
-8.280669902969866464e-03
-4.138271130683754406e-01
-3.501052445096757837e-01
1.224401699027309286e-16
-9.997998605637032909e-01
2.000596952910506723e-02
2.201263211044238444e-01
0.000000000000000000e+00
0.000000000000000000e+00
0.000000000000000000e+00
1.000000000000000000e+00
-4.232988036865185100e-01
-1.054756457557335173e-02
-9.059287343268709325e-01
-2.044607844755468307e+00
9.059901339405205256e-01
-4.928057491340735903e-03
-4.232701164171642216e-01
-3.458839632298326694e-01
1.224563803938566874e-16
-9.999322292690071556e-01
1.164203028315290676e-02
2.208815014747253502e-01
0.000000000000000000e+00
0.000000000000000000e+00
0.000000000000000000e+00
1.000000000000000000e+00
-4.326828987954495220e-01
-2.927083005679603517e-03
-9.015414251575156745e-01
-2.037330469737113514e+00
9.015461769038604078e-01
-1.404807421247911657e-03
-4.326806182695757674e-01
-3.417468724830932114e-01
1.224640344446417849e-16
-9.999947293367036361e-01
3.246736640525613518e-03
2.217750487371835111e-01
0.000000000000000000e+00
0.000000000000000000e+00
0.000000000000000000e+00
1.000000000000000000e+00
-4.420629974195498524e-01
4.645814515046293655e-03
-8.969719743224616737e-01
-2.030165083026239881e+00
8.969840056056981314e-01
2.289609042236965403e-03
-4.420570680104443650e-01
-3.377034659231492042e-01
1.224630372909635623e-16
-9.999865869590079948e-01
-5.179372749137494888e-03
2.228237985783131092e-01
0.000000000000000000e+00
0.000000000000000000e+00
0.000000000000000000e+00
1.000000000000000000e+00
-4.514390481428021684e-01
1.216654540226928122e-02
-8.922190095401998366e-01
-2.023126986116019044e+00
8.923019588748646314e-01
6.155375566486914057e-03
-4.513970818910050808e-01
-3.337632372036921091e-01
1.224532954684524970e-16
-9.999070389414258520e-01
-1.363500918188117160e-02
2.240445866846288436e-01
0.000000000000000000e+00
0.000000000000000000e+00
0.000000000000000000e+00
1.000000000000000000e+00
-4.608101979537322368e-01
1.962980962226097345e-02
-8.872815968090602690e-01
-2.016231480499624418e+00
8.874987106817914251e-01
1.019225870297804128e-02
-4.606974673261070019e-01
-3.299356799784138317e-01
1.224347206814327303e-16
-9.997553642950486319e-01
-2.211812748120059804e-02
2.254542487426455522e-01
0.000000000000000000e+00
0.000000000000000000e+00
0.000000000000000000e+00
1.000000000000000000e+00
-4.701747991911167102e-01
2.702961926983643570e-02
-8.821593154797611191e-01
-2.009493867670228973e+00
8.825733160511897157e-01
1.439953551878142037e-02
-4.699542479553198149e-01
-3.262302879010060552e-01
1.224072337552577641e-16
-9.995309165098251736e-01
-3.062591943156908400e-02
2.270696204388779615e-01
0.000000000000000000e+00
0.000000000000000000e+00
0.000000000000000000e+00
1.000000000000000000e+00
-4.795304149840761698e-01
3.435933276545460185e-02
-8.768523349784228538e-01
-2.002929449121003458e+00
8.775252595254450227e-01
1.877592117234863286e-02
-4.791626901991953291e-01
-3.226565546251602412e-01
1.223707686701719496e-16
-9.992331564935396093e-01
-3.915480767361131237e-02
2.289075374598408263e-01
0.000000000000000000e+00
0.000000000000000000e+00
0.000000000000000000e+00
1.000000000000000000e+00
-4.888738238454092278e-01
4.161169435683383794e-02
-8.713614928670656568e-01
-1.996553526345122398e+00
8.723545061262466538e-01
2.331949682617666386e-02
-4.883173319768674969e-01
-3.192239738045684616e-01
1.223252766674514553e-16
-9.988616861009973480e-01
-4.770044066329598431e-02
2.309848354920490399e-01
0.000000000000000000e+00
0.000000000000000000e+00
0.000000000000000000e+00
1.000000000000000000e+00
-4.982010240505029275e-01
4.877887953532925036e-02
-8.656883738079816926e-01
-1.990381400835756764e+00
8.670615546978369670e-01
2.802763841259942740e-02
-4.974120141793745842e-01
-3.159420390929221223e-01
1.222707304111158760e-16
-9.984162821169787483e-01
-5.625768928519531836e-02
2.333183502220171901e-01
0.000000000000000000e+00
0.000000000000000000e+00
0.000000000000000000e+00
1.000000000000000000e+00
-5.075072384089293065e-01
5.585254688297273951e-02
-8.598353888793061062e-01
-1.984428374086079749e+00
8.616474934464454227e-01
3.289694688637152115e-02
-5.064399154124930025e-01
-3.128202441439131842e-01
1.222071281810221328e-16
-9.978969304954498076e-01
-6.482064569070117299e-02
2.359249173362601981e-01
0.000000000000000000e+00
0.000000000000000000e+00
0.000000000000000000e+00
1.000000000000000000e+00
-5.167869200096465443e-01
6.282389675066132884e-02
-8.538058545735122129e-01
-1.978709747589263213e+00
8.561140574169677775e-01
3.792318070647646144e-02
-5.153935904317794581e-01
-3.098680826112329978e-01
1.221344980657712664e-16
-9.973038605972436299e-01
-7.338262490422255147e-02
2.388213725212927629e-01
0.000000000000000000e+00
0.000000000000000000e+00
0.000000000000000000e+00
1.000000000000000000e+00
-5.260337594914730186e-01
6.968373703022523458e-02
-8.476040707009195874e-01
-1.973240822838480346e+00
8.504636875700614107e-01
4.310119138673389194e-02
-5.242650125897941882e-01
-3.070950481485735239e-01
1.220529021167216013e-16
-9.966375791101530490e-01
-8.193616970211292649e-02
2.420245514636296669e-01
0.000000000000000000e+00
0.000000000000000000e+00
0.000000000000000000e+00
1.000000000000000000e+00
-5.352406943561770492e-01
7.642255612248764762e-02
-8.412353963194978412e-01
-1.968036901326903454e+00
8.446995910411686515e-01
4.842486303687665999e-02
-5.330456205004804326e-01
-3.045106344096263351e-01
1.219624404176985147e-16
-9.958989032806316866e-01
-9.047305921894668868e-02
2.455512898497856367e-01
0.000000000000000000e+00
0.000000000000000000e+00
0.000000000000000000e+00
1.000000000000000000e+00
-5.443999208002977541e-01
8.303060302030777773e-02
-8.347063227235753669e-01
-1.963113284547704840e+00
8.388258020784944424e-01
5.388705687909539632e-02
-5.417263689984821440e-01
-3.021243350480833367e-01
1.218632550189280299e-16
-9.950889930368003178e-01
-9.898432167271141446e-02
2.494184233662754824e-01
0.000000000000000000e+00
0.000000000000000000e+00
0.000000000000000000e+00
1.000000000000000000e+00
-5.535029084920287668e-01
8.949797422137129033e-02
-8.280245424509684593e-01
-1.958485273994056364e+00
8.328472430709397134e-01
5.947956176575142084e-02
-5.502977843325278506e-01
-2.999456437176359347e-01
1.217555336785400448e-16
-9.942093815401387147e-01
-1.074602515238777811e-01
2.536427876996139585e-01
0.000000000000000000e+00
0.000000000000000000e+00
0.000000000000000000e+00
1.000000000000000000e+00
-5.625404186597737777e-01
9.581470696267792297e-02
-8.211990132140579712e-01
-1.954168171159131218e+00
8.267697849910132790e-01
6.519305173825912236e-02
-5.587500233834145069e-01
-2.979840540719759789e-01
1.216395133509254288e-16
-9.932620036700834376e-01
-1.158904312930587599e-01
2.582412185363158752e-01
0.000000000000000000e+00
0.000000000000000000e+00
0.000000000000000000e+00
1.000000000000000000e+00
-5.715025257882671017e-01
1.019708780310223245e-01
-8.142400156288153168e-01
-1.950177277536101705e+00
8.206003064937468228e-01
7.101705165158962718e-02
-5.670729365408688771e-01
-2.962490597647951529e-01
1.215154833585378585e-16
-9.922492219237553090e-01
-1.242637581586126805e-01
2.632305515628959869e-01
0.000000000000000000e+00
0.000000000000000000e+00
0.000000000000000000e+00
1.000000000000000000e+00
-5.803789637350156294e-01
1.079545660611828523e-01
-8.071592594528114173e-01
-1.946525516292763047e+00
8.143465223440629064e-01
7.693844998650468947e-02
-5.752566526862638030e-01
-2.947476718616591773e-01
1.213838306383037327e-16
-9.911741958809339170e-01
-1.325658833176325546e-01
2.686237377467950438e-01
0.000000000000000000e+00
0.000000000000000000e+00
0.000000000000000000e+00
1.000000000000000000e+00
-5.891606694038412639e-01
1.137405053330472898e-01
-7.999705013775200158e-01
-1.943210750123652186e+00
8.080159067912076054e-01
8.293330823951870767e-02
-5.832944031591864587e-01
-2.934711807229535285e-01
1.212453004563725812e-16
-9.900430111015541268e-01
-1.407651809538423560e-01
2.744091285165165539e-01
0.000000000000000000e+00
0.000000000000000000e+00
0.000000000000000000e+00
1.000000000000000000e+00
-5.978381289047445257e-01
1.192984182747884453e-01
-7.926900144601342069e-01
-1.940224964292838195e+00
8.016168483930923294e-01
8.897161194361669079e-02
-5.911805820901769870e-01
-2.924047416195475479e-01
1.211009088532323296e-16
-9.888639641858166796e-01
-1.488222440857276396e-01
2.805654751985518502e-01
0.000000000000000000e+00
0.000000000000000000e+00
0.000000000000000000e+00
1.000000000000000000e+00
-6.064005409664082746e-01
1.245984867273885605e-01
-7.853366163759920582e-01
-1.937560130641026834e+00
7.951593449841655170e-01
9.502069016945148550e-02
-5.989095795895018615e-01
-2.915334958104843777e-01
1.209518544383356793e-16
-9.876468425226528902e-01
-1.566962490139253983e-01
2.870715071938831908e-01
0.000000000000000000e+00
0.000000000000000000e+00
0.000000000000000000e+00
1.000000000000000000e+00
-6.148358730263190353e-01
1.296115874092157449e-01
-7.779316715812689687e-01
-1.935208221008926532e+00
7.886550888949895866e-01
1.010452536491312087e-01
-6.064758919157617889e-01
-2.908425845548074928e-01
1.207995161601249774e-16
-9.864029060805964422e-01
-1.643450847325652053e-01
2.939059539034930557e-01
0.000000000000000000e+00
0.000000000000000000e+00
0.000000000000000000e+00
1.000000000000000000e+00
-6.231309302481509160e-01
1.343095151961816169e-01
-7.704990576865364815e-01
-1.933161207237242607e+00
7.821175383330014608e-01
1.070074624892777826e-01
-6.138742209960700302e-01
-2.903171491115600356e-01
1.206454475823450527e-16
-9.851448406703313676e-01
-1.717254870443742087e-01
3.010475447283638140e-01
0.000000000000000000e+00
0.000000000000000000e+00
0.000000000000000000e+00
1.000000000000000000e+00
-6.312714363063712808e-01
1.386651985392964026e-01
-7.630650931721019159e-01
-1.931411061166681931e+00
7.755619728324042450e-01
1.128670333434797501e-01
-6.210995564968235794e-01
-2.899423307397854255e-01
1.204913671155754215e-16
-9.838866781790978067e-01
-1.787931891927113104e-01
3.084750090694778901e-01
0.000000000000000000e+00
0.000000000000000000e+00
0.000000000000000000e+00
1.000000000000000000e+00
-6.392421263438380352e-01
1.426528988120676911e-01
-7.556584244008152096e-01
-1.929949754637951376e+00
7.690055291786975777e-01
1.185813871366176442e-01
-6.281472364958290422e-01
-2.897032706985269712e-01
1.203391439434172608e-16
-9.826436816492891690e-01
-1.855030859978626101e-01
3.161670763278179308e-01
0.000000000000000000e+00
0.000000000000000000e+00
0.000000000000000000e+00
1.000000000000000000e+00
-6.470268521176389953e-01
1.462483851999560602e-01
-7.483098706185453697e-01
-1.928769259491757371e+00
7.624672141402140113e-01
1.241058376653218637e-01
-6.350129828740904703e-01
-2.895851102468278704e-01
1.201907794627937297e-16
-9.814321937270013008e-01
-1.918094083099312896e-01
3.241024759043661940e-01
0.000000000000000000e+00
0.000000000000000000e+00
0.000000000000000000e+00
1.000000000000000000e+00
-6.546086989294011005e-01
1.494290769087993354e-01
-7.410522264052249453e-01
-1.927861547568805900e+00
7.559678903802440342e-01
1.293938206400399304e-01
-6.416929077792713487e-01
-2.895729906437315981e-01
1.200483841465411420e-16
-9.802694477307539733e-01
-1.976659046108930895e-01
3.322599372001051043e-01
0.000000000000000000e+00
0.000000000000000000e+00
0.000000000000000000e+00
1.000000000000000000e+00
-6.619701135046043294e-01
1.521741450226396508e-01
-7.339200218098221873e-01
-1.927218590709804502e+00
7.495302320965454568e-01
1.343971620348564933e-01
-6.481834879185640608e-01
-2.896520531482813521e-01
1.199141498302876718e-16
-9.791733413566799937e-01
-2.030260268448230709e-01
3.406181896160170308e-01
0.000000000000000000e+00
0.000000000000000000e+00
0.000000000000000000e+00
1.000000000000000000e+00
-6.690930415608791204e-01
1.544645673127876817e-01
-7.269492411301390344e-01
-1.926832360755459383e+00
7.431786472543541189e-01
1.390663840229067749e-01
-6.544815040167153430e-01
-2.898074390195203853e-01
1.197903175207791751e-16
-9.781621738135588551e-01
-2.078431180490066255e-01
3.491559625530846200e-01
0.000000000000000000e+00
0.000000000000000000e+00
0.000000000000000000e+00
1.000000000000000000e+00
-6.759590734109117705e-01
1.562831307005486947e-01
-7.201770019459775574e-01
-1.926694829546476750e+00
7.369391637533327932e-01
1.433510463469674368e-01
-6.605839435210093535e-01
-2.900242895164921730e-01
1.196791409158826829e-16
-9.772543479410387146e-01
-2.120706001083959291e-01
3.578519854122902411e-01
0.000000000000000000e+00
0.000000000000000000e+00
0.000000000000000000e+00
1.000000000000000000e+00
-6.825495956062811453e-01
1.576143778974460063e-01
-7.136411965530740087e-01
-1.926797968923563698e+00
7.308392775006705699e-01
1.472001207482157570e-01
-6.664878655414580022e-01
-2.902877458982399128e-01
1.195828459147924593e-16
-9.764680395853783113e-01
-2.156621609561774899e-01
3.666849875946161519e-01
0.000000000000000000e+00
0.000000000000000000e+00
0.000000000000000000e+00
1.000000000000000000e+00
